6:1,1;3.5,64.5
6:1,2;3.5,59.5
6:1,3;3.5,54.5
6:1,4;3.5,49.5
6:1,5;3.5,44.5
6:2,5;8.5,44.5
6:2,7;8.5,36.5
6:2,8;8.5,28.5
6:2,9;8.5,23.5
6:2,10;8.5,18.5
6:2,11;-
6:2,12;8.5,8.5
6:3,12;12.053,8.878
6:4,12;17.053,8.878
6:5,12;22.053,8.878
6:6,12;27.053,8.878
6:7,12;32.053,8.878
6:8,12;37.053,8.878
6:11,12;42.053,8.878
6:11,11;43.508,15.725
6:11,10;44.548,20.616
6:11,9;45.587,25.506
6:11,8;46.627,30.397
6:11,7;47.751,35.269
6:11,6;48.876,40.141
6:11,5;50.001,45.013
6:11,4;51.126,49.884
6:11,3;52.250,54.756
6:11,2;53.375,59.628
6:11,1;54.5,64.5
6:10,1;48.5,64.5
6:9,1;43.5,64.5
6:8,1;38.5,64.5
6:7,1;33.5,64.5
6:6,1;28.5,64.5
6:5,1;23.5,64.5
6:4,1;18.5,64.5
6:3,1;13.5,64.5
6:2,1;8.5,64.5